111111111111111111111111111111111111111111111111111111111111111111111111111111111111111111111111111111111111111111111111111111111111111111111111111111111111111111111111111111111111111111111111111111111111111111111111111111111111111111111111111111111111111111111111111111111111111111111111111111111111111111111111111111111111111111111111111111111111111111111111
000000000000000000000000000000000000000000000000000000000000000000000000000000000000000000000000000000000000000000000000000000000000000000000000000000000000000000000000000000000000000000000000000000000000000000000000000000000000000000000000000000000000000000000000000000000000000000000000000000000000000000000000000000000000000000000000000000000000000000000000
000000000000000000000000000000000000000000000000000000000000000000000000000000000000000000000000000000000000000000000000000000000000000000000000000000000000000000000000000000000000000000000000000000000000000000000000000000000000000000000000000000000000000000000000000000000000000000000000000000000000000000000000000000000000000000000000000000000000000000000000
000000000000000000000000000000000000000000000000000000000000000000000000000000000000000000000000000000000000000000000000000000000000000000000000000000000000000000000000000000000000000000000000000000000000000000000000000000000000000000000000000000000000000000000000000000000000000000000000000000000000000000000000000000000000000000000000000000000000000000000000
000000000000000000000000000000000000000000000000000000000000000000000000000000000000000000000000000000000000000000000000000000000000000000000000000000000000000000000000000000000000000000000000000000000000000000000000000000000000000000000000000000000000000000000000000000000000000000000000000000000000000000000000000000000000000000000000000000000000000000000000
000000000000000000000000000000000000000000000000000000000000000000000000000000000000000000000000000000000000000000000000000000000000000011111010000000000000000000000000000000000000000000000000000000000000000000000000000000000000000000000000000000000000000000000000000000000000000000000000000000000000000000000000000000000000000000000000000000000000000000000000
000000000000000000000000000000000000000000000000000000000000000000000000000000000000000000000000000000010011111111111110000100010111111111111111110000000000000000000000000000000000000000000000000000000000000000000000000000000000000000000000000000000000000000000000000000000000000000000000000000000000000000000000000000000000000000000000000000000000000000000000
000000000000000000000000000000000000000000000000000000000000000000000000000000000000000000000001110111111111111111111111111111111111111111111111111111100000000000000000000000000000000000000000111001111101000000000000000001011100000000000000000000000000000000000000000000000000000000000000000000000000000000000000000000000000000000000000000000000000000000000000
000000000000000000000000000000000000000000000000000000000000000000000000000000000000000000000111111111111111111000111111111111111111111111111111111100000000000000000001111111111100000000000000110000010000000000000000000000011111100000000000000000000000000000000000000000000000000000000000000000000000000000000000000000000000000000000000000000000000000000000000
000000000000000000000000000000000000000000000000000000000000000000000000000000000110011110110011111111111111001111111111111111111111111111111111110000000000000000000001111111101100000000000000000000000000000000000000000000000011101111000000000000000000000000000000000000000000000000000000000000000000000000000000000000000000000000000000000000000000000000000000
000000000000000000000000000000000000000000000000000000000000000000000000011000111100000001110011111111111100111111111111111111111111111111111111100000000000000000000000011110110000000000000000000000000000000000000000000000000000000001110000000000000000000000000000000000000000000000000000000000000000000000000000000000000000000000000000000000000000000000000000
000000000000000000000000000000000000000000000000000000000000000000000111111110010001011101111111111111100000111111111111111111111111111111111111110000000000000000000000000100000000000000000000000000000000011111000000000000000000000001111111110000000000000000000000000000000000000000000000000000000000000000000000000000000000000000000000000000000000000000000000
000000000000000000000000000000000000000000000000000000000000000000000111111111111101111111011110111100000000010000011111111111111111111111111111100000000000000000000000000000000000000000000000000000000011111100000000000000000011111111111111111100000000000000001111111011000000000000000000000000000000000000000000000000000000000000000000000000000000000000000000
000000000000000000000000000000000000000000000000000000000000000000100000011100000100000111100110011000000000000000001111111111111111111111111111110000000000000000000000000000000000000000000000000000000111100000000000000000001111111111111111111000000000000000000011100001110000000000000000000000000000000000000000000000000000000000000000000000000000000000000000
000000000000000000000000000000000000000000000000000000000000000011111110000001100011101111001101111100000000000000001111111111111111111111111111000000000000000000000000000000000000000000000000000000001110000000000100100001111111111111111111111111111100001110000000001100000000000000000000000000000000000000000000000000000000000000000000000000000000000000000000
000000000000000000000000000000000000000000000000000000000000001111111111111011101111111110111111111110000000000000001111111111111111111111111100000000000000000000000000000000000000000000000000000000011100000000001110000101111111111111111111111111111111111111100000000111100000000000000000000000000000000000000000000000000000000000000000000000000000000000000000
000000000000000000000000000000000000000000000000000000000000011110111111111111000111110001111111111111100000000000011011111111111111111111111100000000000000000000000000000000000000000000000000000000011110000000001111111111111111111111111111111111111111111111110011001111111111000000000000000000000000110000000000000000000000000000000000000000000000000000000000
000000000000000000000000000000011111111110000000000000000100000001111111111111000001110011111111111111111000000000011111111111111111111111111100000000000000000000000000000000000111111000000000000000000011000000001111111111111111111111111111111111111111111111111111111111111111111111111100000000000000000000000000000000000000000000000000000000000000000000000000
000000000000000000000000000011111111111111111100000011111110110001111111111111111011100000111111011111111000000000011111111111111111111111110000000000000000000000000000000000111111111110000000000000000000001111001111101111111111111111111111111111111111111111111111111111111111111111111111111011011111100000000000000000000000000000000000000000000000000000000000
000000000000000000000000111111111111111111111111111111111111111111011111110000011101111101111000011111111000000000001111111111111111111111100000000000000000000000000000001111111111111111111100000100101100000111111111110111111111111111111111111111111111111111111111111111111111111111111111111111111111111110100000000000000000000000000000000000000000000000000000
000000000000000000000001111111111111111111111111111111111111111111111011111111111111110011110001110111111100000000111111111111111111000000000000000000000000000000000000000111111111111111111111001110111111111111111111110011111111111111111111111111111111111111111111111111111111111111111111111111111111111111111100000000000000000000000000000000000000000000000000
000000000000000000000000111111111111111111111111111111111111111111111111111111111111111111100001001111111111000000111111111111111110000000000000000000000000000000000000001111111111111111111111100111111111111111111111110111111111111111111111111111111111111111111111111111111111111111111111111111111111111111111111010000000000000000000000000000000000000000000000
000000000000000000011110111111111111111111111111111111110001111111111111111111111111111000000000111111011110000000111111111111111000000000111111110000000000000000000000011111111111111111110000111111111111111111111111111111111111111111111111111111111111111111111111111111111111111111111111111111111111111111111111111110000000000000000000000000000000000000000000
000000000000000001111111111111111111111111111111111111111111111111111111111111111111111100001111111111101000000000111111111110000000000000111111111000000000000000000000111111111001111111100110111111111111111111111111111111111111111111111111111111111111111111111111111111111111111111111111111111111111111111111100011110000000000000000000000000000000000000000000
000000000000000000100111111111111111111111111111111111111111111111111111111111111111111110001110111111100000000000111111111100000000000000011111110000000000000000000011111111110011111111111111111111111111111111111111111111111111111111111111111111111111111111111111111111111111111111111111111111111111111111111100000010000000000000000000000000000000000000000000
000000000000110010011111111111111111111111111111111111111111111111111111111111111000111000010000111111100000000000111111111000000000000000000110000000000000000000000111111111100111111111111111111111111111111111111111111111111111111111111111111111111111111111111111111111111111111111111111111111111111111111111111100000000000000000000000000000000000000000000000
000000000000001111111111111111111111111111111111111111111111111111111111111111000000011010111110001100000000000000011111110000000000000000000000000000000000000000011111111110001111111111110111111111111111111111111111111111111111111111111111111111111111111111111111111111111111111111111111111111111111011111111110110000000000000000000000000000000000000000000000
000000000000011111111111111111111111111111111111111111111101111111111111111100000000000010111110000011000000000000011111100000000000000000000000000000000000000000111111111110001111111111111011111111111111111111111111111111111111111111111111111111111111111111111111111111111111111111111111111111111111011111111100000000000000000000000000000000000000000000000000
000000000010111111111111111101111111111111111111111111111111111111111111111000000000000001111111100000000000000000000111000000000000000000000000000000000000100000011111111111001111111111011111111111111111111111111111111111111111111111111111111111111111111111111111111111111111111111111111111111100010011111111000000000000000000000000000000000000000000000000000
000000000010111111111111110000001111111111111111111111111111111111111111110000000000000001111111000010000000000000000000000000000000000000000000000000000000000000011111111111100000000111111111111111111111111111111111111111111111111111111111111111111111111111111111111111111111111111111111111111110000011000000000000000000000000000000000000000000000000000000000
000000000000011111110000000000000011111111111111111111111111111111111111110000000000000111111111001110000000000000000000000000000000000000000000000000000010000000011111111111000011111111111111111111111111111111111111111111111111111111111111111111111111111111111111111111111111111111111000000001110000011100000000000000000000000000000000000000000000000000000000
000000000000000011111000000000000001111111111111111111111111111111111111110000000000000111111111111111000000000000000000000000000000000000000000000000011110000000011000111110100110111111111111111111111111111111111111111111111111111111111111111111111111111111111111111111111111111111111000000000000000111100000000000000000000000000000000000000000000000000000000
000000000000000001110000000000000011111111111111111111111111111111111111111100000000000011111111111111000000000000000000000000000000000000000000000000001111000000000010011110100111111111111111111111111111111111111111111111111111111111111111111111111111111111111111111111111111111111110000000000000000111111000000000000000000000000000000000000000000000000000000
000000000000000000000000000000000011111111111111111111111111111111111111111110000000100111111111111110000000000000000000000000000000000000000000000000001110000000000110011110001111111111111111111111111111111111111111111111111111111111111111111111111111111111111111111111111111111111110000000000000000111111100000000000000000000000000000000000000000000000000000
000000000000000000000000000000000011111111111111111111111111111111111111111111111000001111111111111111000000000000000000000000000000000000000000000000111111000000000111101000000111111111111111111111111111111111111111111111111111111111111111111111111111111111111111111111111111111111110000000000000000011111100000000000000000000000000000000000000000000000000000
000000000000000000000000000000000000111111111111111111111111111111111111111111111001111111111111111111110000000000000000000000000000000000000000000001110111100000000010000001111111111111111111111111111111111111111111111111111111111111111111111111111111111111111111111111111111111111111000000000000000001111110000000000000000000000000000000000000000000000000000
000000000000000000000000000000000101111111111111111111111111111111111111111111111001111111111111111111110000000000000000000000000000000000000000000011110011100000000011111111111111111111111111111111111111111111111111111111111111111111111111111111111111111111101111111111111111111111111111101000000000000111100000000000000000000000000000000000000000000000000000
000000000000000000000000000000001100111111111111111111111111111101111111111111111001111111111111111111111000000000000000000000000000000000000000000011100111110000111111111111111111111111111111111111111111111111111111111111111111111111111111111111111111111111011111111111111111111111111111111100000000000011110000000000000000000000000000000000000000000000000000
000000000000000000000000000000000000111111111111111111111111111101111111111111110011111111111111111111110000000000000000000000000000000000000000000011101111111001111111111111111111111111111111111111111111111111111111111111111111111111111111111111111111111110111111111111111111111111111111111110000000000001100000000000000000000000000000000000000000000000000000
000000000000000000000000000000000001111111111111111111111111111111111111111111111111111111111111111111110000000000000000000000000000000000000000000010000111110011111111111111111111111111111111111111111111111111111111111111111111111111111111111111111111111111111111111111111111111111111111111101000000000000110000000000000000000000000000000000000000000000000000
000000000000000000000000000000000011111111111111111111111111111111111111111111111111111111111111111100110000000000000000000000000000000000000000000000001100001111111111111111111111111111111111111111111111111111111111111111111111111111111111111111111111111111111111111111111111111111111111111101100000000000110000000000000000000000000000000000000000000000000000
000000000000000000000000000000000011111111111111111111111111111111111111111111111111111111110001100001101100000000000000000000000000000000000000000000000000011111111111111111111111111111111111111111111111111111111111111111111111111111111111111111111111111111111111111111111111111111111111111110111000000000000000000000000000000000000000000000000000000000000000
000000000000000000000000000000000001101111111111111111111111111111111111111111111111111111111100100011111000000000000000000000000000000000000000000000000101111111111111111111111111111111111111111111111111111111111111111111111111111111111111111111111111111111111111111111111111111111111111111110010000000000000000000000000000000000000000000000000000000000000000
000000000000000000000000000000000001111111111111111111111111111111111000011111111111111111111100000111111000000000000000000000000000000000000000000000001111111111111111111111111111111111111111111111111111111111111111111111111111111111111111111111111111111111111111111111111111111111111111111110011000000000000000000000000000000000000000000000000000000000000000
000000000000000000000000000000000001111111111111111111111111111111110100011111111111111111111100000000111100000000000000000000000000000000000000000000000011111111111111111111111111111111111111111111111111111111111111111111111111111111111111111111111111111111111111111111111111111111111111111110001100000000000000000000000000000000000000000000000000000000000000
000000000000000000000000000000000011111111111111111111111111111111111111111111111111111111111110110000001000000000000000000000000000000000000000000000000001111111111111111111111111111111111111101111111111110001111111111111111111110111111111111111111111111111111111111111111111111111111111111110001100000000000000000000000000000000000000000000000000000000000000
000000000000000000000000000000000011111111111111111111111111111111111110110001111111111111111111100000000000000000000000000000000000000000000000000000000000111111111111111111111111111111100111111111111111000001111111111111111111111111111111111111111111111111111111111111111111111111111111111110000000000111000000000000000000000000000000000000000000000000000000
000000000000000000000000000000000111111111111111111111111111111111111101110011111111111111011110000000000000000000000000000000000000000000000000000000000001111111111111100111111111111111000011011111111111000111111111111111111111111111111111111111111111111111111111111111111111111111111111111110000111000100000000000000000000000000000000000000000000000000000000
000000000000000000000000000000001111111111111111111111111111111111111011110111101111111100110000000000000000000000000000000000000000000000000000000000000001111111111101110011111111111110000000000111111111000111111111111111111111111111111111111111111111111111111111111111111111111111111111111110000011110000000000000000000000000000000000000000000000000000000000
000000000000000000000000000000011111111111111111111111111111111111111011111111011111110000000000000000000000000000000000000000000000000000000000000111111111111100110001111001111111111110000000000001111111100011111111111111111111111111111111111111111111111111111111111111111111111111111111111100000011111000000000000000000000000000000000000000000000000000000000
000000000000000000000000000000011111111111111111111111111111111111110111110011111111100000000000000000000000000000000000000000000000000000000000000111111111111100000110111100011111111110000000000000011111100001111111111111111111111111111111111111111111111111111111111111111111111111111111100000000111110000000000000000000000000000000000000000000000000000000000
000000000000000000000000000000011111111111111111111111111111111111111111111111111111100000000000000000000000000000000000000000000000000000000000000111111111111100000110011110001111111111000111110000011111110001001111111111111111111111111111111111111111111111111111111111111111111111111111100000000011000000000000000000000000000000000000000000000000000000000000
000000000000000000000000000000111111111111111111111111111111111111111111111111111110000000000000000000000000000000000000000000000000000000000000000111111111110000000110000111101111110111111111111111111111111000111111111111111111111111111111111111111111111111111111111111111111111101111111100000000001100000000000000000000000000000000000000000000000000000000000
000000000000000000000000000001111111111111111111111111111111111111111111111111111000000000000000000000000000000000000000000000000000000000000000000111111111100100000110000011001111000111111111111111111111111100011111111111111111111111111111111111111111111111111111111111111111111001111110000000000001110000000000000000000000000000000000000000000000000000000000
000000000000000000000000000001111111111111111111111111111111111111111111111111110000000000000000000000000000000000000000000000000000000000000000001111111111100100000100000001000111000111111111111111111111111000011111111111111111111111111111111111111111111111111111111111111111111001000110000000000000110000000000000000000000000000000000000000000000000000000000
000000000000000000000000000001111111111111111111111111111111111111111111111111100000000000000000000000000000000000000000000000000000000000000000000111111111000000000000001111000111110011111111111111111111111000011111111111111111111111111111111111111111111111111111111111111111110000000111100000000000110000000000000000000000000000000000000000000000000000000000
000000000000000000000000000001111111111111111111111111111111111111111111111111000000000000000000000000000000000000000000000000000000000000000000000111111110000000000000011110000011101011111111111111111111111100001111111111111111111111111111111111111111111111111111111111111111111101100001110000000011111000000000000000000000000000000000000000000000000000000000
000000000000000000000000000001111111111111111111111111111111111111111111111110000000000000000000000000000000000000000000000000000000000000000000000101111100000111111111000100000001100001111111111111111111111111011111111111111111111111111111111111111111111111111111111111111111111111100001111000000011111000000000000000000000000000000000000000000000000000000000
000000000000000000000000000000111111111111111111111111111111111111111111111110000000000000000000000000000000000000000000000000000000000000000000000000100000111111111111000000000000010000000001001111111111111111111111111111111111111111111111111111111111111111111111111111111111111111000000111000011111111000000000000000000000000000000000000000000000000000000000
000000000000000000000000000000111111111111111111111111111111111111111111111110000000000000000000000000000000000000000000000000000000000000000000000001111111111111111111000000000000011100000011001111111111111111111111111111111111111111111111111111111111111111111111111111111111111110000000111100111111111100000000000000000000000000000000000000000000000000000000
000000000000000000000000000000111111111111111111111111111111111111111111111100000000000000000000000000000000000000000000000000000000000000000000000001111111111111111110000000000000000000000010011111111111111111111111111111111111111111111111111111111111111111111111111111111111111111000000000101111111100000000000000000000000000000000000000000000000000000000000
000000000000000000000000000000001111111111111111111111111111111111111111100000000000000000000000000000000000000000000000000000000000000000000000000011111111111111111111000000000000000000000000001111111111111111111111111111111111111111111111111111111111111111111111111111111111111111100000010001111111000000000000000000000000000000000000000000000000000000000000
000000000000000000000000000000001111111111111111111111111111111111111111000000000000000000000000000000000000000000000000000000000000000000000000001111111111111111111111111100000011100000000000011111111111111111111111111111111111111111111111111111111111111111111111111111111111111111110000000011111000000000000000000000000000000000000000000000000000000000000000
000000000000000000000000000000001111111111111111111111111111111111111110000000000000000000000000000000000000000000000000000000000000000000000000001111111111111111111111111110000111111000000000011111111111111111111111111111111111111111111111111111111111111111111111111111111111111111111000000000110000000000000000000000000000000000000000000000000000000000000000
000000000000000000000000000000001110111111111111111111111111111111111100000000000000000000000000000000000000000000000000000000000000000000000000011111111111111111111111111111100111111111001101111111111111111111111111111111111111111111111111111111111111111111111111111111111111111111111100000000110000000000000000000000000000000000000000000000000000000000000000
000000000000000000000000000000001100111111111111111111111111111111111100000000000000000000000000000000000000000000000000000000000000000000000000001111111111111111111111111111111111111111111111111111111111111111111111111111111111111111111111111111111111111111111111111111111111111111111000000000010000000000000000000000000000000000000000000000000000000000000000
000000000000000000000000000000001110111111111111111111111111100001011100000000000000000000000000000000000000000000000000000000000000000000000000011111111111111111111111111111111111111111111111111111111111111101111111111111111111111111111111111111111111111111111111111111111111111111111100000000000000000000000000000000000000000000000000000000000000000000000000
000000000000000000000000000000000110111111111111111111000000100000001100000000000000000000000000000000000000000000000000000000000000000000000000111111111111111111111111111111111111111111111111111111111111111100111111111111111111111111111111111111111111111111111111111111111111111111111110000000100000000000000000000000000000000000000000000000000000000000000000
000000000000000000000000000000000110011111111111111110000000000000011100000000000000000000000000000000000000000000000000000000000000000000000011111111111111111111111111111111111111111111111111111111111111111100011111111111111111111111111111111111111111111111111111111111111111111111111100000000100000000000000000000000000000000000000000000000000000000000000000
000000000000000000000000000000000111011111111111111100000000000000011110000000000000000000000000000000000000000000000000000000000000000000000011111111111111111111111111111111111111111111111111101111111111111110001111111111111111111111111111111111111111111111111111111111111111111111111100000000000000000000000000000000000000000000000000000000000000000000000000
000000000000000000000000000000000011001111111111111100000000000000011100000000000000000000000000000000000000000000000000000000000000000000000111111111111111111111111111111111111111111111111111100111111111111111000010011111111111111111111111111111111111111111111111111111111111111111111000000001000000000000000000000000000000000000000000000000000000000000000000
000000000000000000000000000000000001101111111111111000000000000000001100000000000000000000000000000000000000000000000000000000000000000000001111111111111111111111111111111111111111111111111111100011111111111111110001101111111111111111111111111111111111111111111111111111111111111111111000000000000000000000000000000000000000000000000000000000000000000000000000
000000000000000000000000000000000001100111111111111000000000000000000001000000000000000000000000000000000000000000000000000000000000000000011111111111111111111111111111111111111111111111111111110011111111111111110001100000100000111111111111111111111111111111111111111111111111111111110011000000000000000000000000000000000000000000000000000000000000000000000000
000000000000000000000000000000000000100011111111110000000000000000000000000000000000000000000000000000000000000000000000000000000000000000011111111111111111111111111111111111111111111111111111110001111111111111111111110000000000011111111111111111111111111111111111111111111111111111100011000000000000000000000000000000000000000000000000000000000000000000000000
000000000000000000000000000000000000110011111111110000000000000001111000000000000000000000000000000000000000000000000000000000000000000000111111111111111111111111111111111111111111111111111111111000111111111111111111111100000000001111111111111111111111111111111111111111111111111111100011000000000000000000000000000000000000000000000000000000000000000000000000
000000000000000000000000000000000000000001111111110000000000000011111110000000000000000000000000000000000000000000000000000000000000000000111111111111111111111111111111111111111111111111111111111100111111111111111111111110000000000111111111111111111111111111111111111111111111111100000010000000000000000000000000000000000000000000000000000000000000000000000000
000000000000000000000000000000000000000001111111110000000011100011001111000000000000000000000000000000000000000000000000000000000000000001111111111111111111111111111111111111111111111111111111111100111111111111111111111110000000000111111111111111111110110011111111111111111011110000000000000000000000000000000000000000000000000000000000000000000000000000000000
000000000000000000000000000000000000000001111111110000000111110000000011111000000000000000000000000000000000000000000000000000000000000001111111111111111111111111111111111111111111111111111111111110011111111111111111111100000000000011011111111111111100000011111111111111110001000000000000000000000000000000000000000000000000000000000000000000000000000000000000
000000000000000000000000000000000000000011111111111000000111100000000001111010100000000000000000000000000000000000000000000000000000000000111111111111111111111111111111111111111111111111111111111100001111111111111111111000000000000000011111111111111100000001111111111111110001100000000000000000000000000000000000000000000000000000000000000000000000000000000000
000000000000000000000000000000000000000001111111111000000111100000000000000111110000000000000000000000000000000000000000000000000000000000111111111111111111111111111111111111111111111111111111111110001111111111111111111000000000000000011111111111111000000000111111111111100011100000000000000000000000000000000000000000000000000000000000000000000000000000000000
000000000000000000000000000000000000000000011111111101111111000000000011001111111001000000000000000000000000000000000000000000000000000000111111111111111111111111111111111111111111111111111111111111000111111111111111110000000000000000001111111111110000000000011111111111110001000000000001100000000000000000000000000000000000000000000000000000000000000000000000
000000000000000000000000000000000000000000001111111111111110000000000001001101000001000000000000000000000000000000000000000000000000000000111111111111111111111111111111111111111111111111111111111111000111111111111111100000000000000000011111111111100000000000011111111111110000000000000001110000000000000000000000000000000000000000000000000000000000000000000000
000000000000000000000000000000000000000000000011111111111110000000000000000000000000000000000000000000000000000000000000000000000000000000111111111111111111111111111111111111111111111111111111111111100011111111111111000000000000000000001111111111000000000000011111111111111000000000000001110000000000000000000000000000000000000000000000000000000000000000000000
000000000000000000000000000000000000000000000000111111111111011000000000000000000000000010000000000000000000000000000000000000000000000001111111111111111111111111111111111111111111111111111111111111100001111111111000000000000000000000001111111110000000000000011001111111111100000000000001110000000000000000000000000000000000000000000000000000000000000000000000
000000000000000000000000000000000000000000000000000001111111111100000000000000000000000000000000000000000000000000000000000000000000000001111111111111111111111111111111111111111111111111111111111111110011111111111000000000000000000000001111111100000000000000000001111111111110000000000001100000000000000000000000000000000000000000000000000000000000000000000000
000000000000000000000000000000000000000000000000000000111111111110000000000000000000000010000000000000000000000000000000000000000000000001111111111111111111111111111111111111111111111111111111111111111001111111100000000000000000000000000111111100000000000000000001111111111111000000000000111000000000000000000000000000000000000000000000000000000000000000000000
000000000000000000000000000000000000000000000000000000001111111100000000000000000000000000000000000000000000000000000000000000000000000001111111111111111111111111111111111111111111111111111111111111111101111110000000000000000000000000000011111110000000000000000000111111111111000000000000111100000000000000000000000000000000000000000000000000000000000000000000
000000000000000000000000000000000000000000000000000000000001111100000000000000000000000000000000000000000000000000000000000000000000000001111111111111111111111111111111111111111111111111111111111111111111110000000000000000000000000000000011111110000000000001100000110111111111100000000000110110000000000000000000000000000000000000000000000000000000000000000000
000000000000000000000000000000000000000000000000000000000000111100000000000010000000000000000000000000000000000000000000000000000000000000111111111111111111111111111111111111111111111111111111111111111111000000010000000000000000000000000001111100000000000001100000110001111111000000000000010011000000000000000000000000000000000000000000000000000000000000000000
000000000000000000000000000000000000000000000000000000000000011100000000001111110000000000000000000000000000000000000000000000000000000000011111111111111111111111111111111111111111111111111111111111111111000011110000000000000000000000000001111100000000000000000000110001111111000000000000001101100000000000000000000000000000000000000000000000000000000000000000
000000000000000000000000000000000000000000000000000000000000011100000000111111111110010010000000000000000000000000000000000000000000000000001111111111111111111111111111111111111111111111111111111111111111111111110000000000000000000000000001111100000000000000000000100000111110000000000001001111000000000000000000000000000000000000000000000000000000000000000000
000000000000000000000000000000000000000000000000000000000000011100011000111101111111111110000000000000000000000000000000000000000000000000001111111111111111111111111111111111111111111111111111111111111111111111110000000000000000000000000000111100000000000000000000100000001000000000000011000111100000000000000000000000000000000000000000000000000000000000000000
000000000000000000000000000000000000000000000000000000000000000111111101111111111111111110000000000000000000000000000000000000000000000000000111111111111111111111111111111111111111111111111111111111111111111111110000000000000000000000000000110010000000000000000000110000010000000000000110000001110000000000000000000000000000000000000000000000000000000000000000
000000000000000000000000000000000000000000000000000000000000000011110111111111111111111111000000000000000000000000000000000000000000000000000111111111111111111111111111111111111111111111111111111111111111111111100000000000000000000000000000010011000000000000000000111000000000000000000000000111110000000000000000000000000000000000000000000000000000000000000000
000000000000000000000000000000000000000000000000000000000000000000100111111111111111111111100000000000000000000000000000000000000000000000000011111111111111111111111111111111111111111111111111111111111111111111100000000000000000000000000000000011100000000000000000011000000000000000000000001111110000000000000000000000000000000000000000000000000000000000000000
000000000000000000000000000000000000000000000000000000000000000000000011111111111111111111110000000000000000000000000000000000000000000000000001111111111111111111111111111111111111111111111111111111111111111111000000000000000000000000000000000011100000000000000000001100000000000000001100001001100000000000000000000000000000000000000000000000000000000000000000
000000000000000000000000000000000000000000000000000000000000000000000011111111111111111111111111000000000000000000000000000000000000000000000000111111111111100001111111111111111111111111111111111111111111111111000000000000000000000000000000000000000000000000000100001111000000000000001110000001100000000000000000000000000000000000000000000000000000000000000000
000000000000000000000000000000000000000000000000000000000000000000000011111111111111111111111111110000000000000000000000000000000000000000000000001110111110000001111111111111111111111111111111111111111111111110000000000000000000000000000000000000000000000000000111000111000000000000011111000000000000000000000000000000000000000000000000000000000000000000000000
000000000000000000000000000000000000000000000000000000000000000000000011111111111111111111111111111000000000000000000000000000000000000000000000000000000000000000000011111111111111111111111111111111111111111110000000000000000000000000000000000000000000000000000011100111100001000001111110000000000000000000000000000000000000000000000000000000000000000000000000
000000000000000000000000000000000000000000000000000000000000000000000011111111111111111111111111111000000000000000000000000000000000000000000000000000000000000000000001111111111111111111111111111111111111111100000000000000000000000000000000000000000000000000000001110011100000000001111100000000000000000000000000000000000000000000000000000000000000000000000000
000000000000000000000000000000000000000000000000000000000000000000000111111111111111111111111111111100000000000000000000000000000000000000000000000000000000000000000001111111111111111111111111111111111111111000000000000000000000000000000000000000000000000000000000111011100000000111111100000000000000000000000000000000000000000000000000000000000000000000000000
000000000000000000000000000000000000000000000000000000000000000000001111111111111111111111111111111100000000000000000000000000000000000000000000000000000000000000000011111111111111111111111111111111111111110000000000000000000000000000000000000000000000000000000001011100110000011111111110000000100110000000000000000000000000000000000000000000000000000000000000
000000000000000000000000000000000000000000000000000000000000000000011111111111111111111111111111111100000000000000000000000000000000000000000000000000000000000000000011111111111111111111111111111111111111100000000000000000000000000000000000000000000000000000000001111111010000111111111111011111100110000000000000000000000000000000000000000000000000000000000000
000000000000000000000000000000000000000000000000000000000000000000011111111111111111111111111111111100000000000000000000000000000000000000000000000000000000000000000011111111111111111111111111011111111111000000000000000000000000000000000000000000000000000000000000001111100000111111111100000000000100100000000000000000000000000000000000000000000000000000000000
000000000000000000000000000000000000000000000000000000000000000000111111111111111111111111111111111111100000000000000000000000000000000000000000000000000000000000000011111111111111111111111110001111111110000000000000000000000000000000000000000000000000000000000000001111100000011111111100100100000100011100000000000000000000000000000000000000000000000000000000
000000000000000000000000000000000000000000000000000000000000000000111111111111111111111111111111111111111100000000000000000000000000000000000000000000000000000000000011111111111111111111111110011111111100000000000000000000000000000000000000000000000000000000000000010111110000011111111100111100000100011100100000000000000000000000000000000000000000000000000000
000000000000000000000000000000000000000000000000000000000000000000111111111111111111111111111111111111111110000000000000000000000000000000000000000000000000000000000011111111111111111111111111111111111000000000000000000000000000000000000000000000000000000000000000000111111100011111111000111000100000001110011110000000100000000000000000000000000000000000000000
000000000000000000000000000000000000000000000000000000000000000000011111111111111111111111111111111111111111111100000000000000000000000000000000000000000000000000000001111111111111111111111111111111110000000000000000000000000000000000000000000000000000000000000000001011111101001111111001111100001011101110111111110000000001000000000000000000000000000000000000
000000000000000000000000000000000000000000000000000000000000000000111111111111111111111111111111111111111111111110000000000000000000000000000000000000000000000000000001111111111111111111111111111111110000000000000000000000000000000000000000000000000000000000000000000001111000000000110000111100001001101111111111111100000000010000000000000000000000000000000000
000000000000000000000000000000000000000000000000000000000000000001111111111111111111111111111111111111111111111111100000000000000000000000000000000000000000000000000000111111111111111111111111111111100000000000000000000000000000000000000000000000000000000000000000000000111000000000000000101110000000000000111111111110000001100000000000000000000000000000000000
000000000000000000000000000000000000000000000000000000000000000000111111111111111111111111111111111111111111111111111000000000000000000000000000000000000000000000000000011111111111111111111111111111100000000000000000000000000000000000000000000000000000000000000000000000011000000000000000100100000000000000001111111111001111001100000000000000000000000000000000
000000000000000000000000000000000000000000000000000000000000000000111111111111111111111111111111111111111111111111111000000000000000000000000000000000000000000000000000011111111111111111111111111111100000000000000000000000000000000000000000000000000000000000000000000000000110000000000000000000000000000010000111111111111110000110000000000000000000000000000000
000000000000000000000000000000000000000000000000000000000000000000011111111111111111111111111111111111111111111111111000000000000000000000000000000000000000000000000000011111111111111111111111111111110000000000000000000000000000000000000000000000000000000000000000000000000111111111000000000000000000000010000111111111100000000011000000000000000000000000000000
000000000000000000000000000000000000000000000000000000000000000000001111111111111111111111111111111111111111111111111100000000000000000000000000000000000000000000000000001111111111111111111111111111110000000000000000000000000000000000000000000000000000000000000000000000000011111111100000000001000000110000001111111011100000000001010000000000000000000000000000
000000000000000000000000000000000000000000000000000000000000000000001111111111111111111111111111111111111111111111111000000000000000000000000000000000000000000000000000001111111111111111111111111111110000000000000000000000000000000000000000000000000000000000000000000000000000001111111110111101110000000000001001110001110000000001100100000000000000000000000000
000000000000000000000000000000000000000000000000000000000000000000000111111111111111111111111111111111111111111111111000000000000000000000000000000000000000000000000000001111111111111111111111111111100000000000000000000000000000000000000000000000000000000000000000000000000000000000000101100001110000000000000000000000111100000000001100000000000000000000000000
000000000000000000000000000000000000000000000000000000000000000000000111111111111111111111111111111111111111111111110000000000000000000000000000000000000000000000000000001111111111111111111111111111110000000000000000000000000000000000000000000000000000000000000000000000000000000000000000100010000000000000000000000000011100000000000010000000000000000000000000
000000000000000000000000000000000000000000000000000000000000000000000011111111111111111111111111111111111111111111100000000000000000000000000000000000000000000000000000000111111111111111111111111111111000000000000000000000000000000000000000000000000000000000000000000000000000000000000000000000000000000000000000100000000000000000000010000000000000000000000000
000000000000000000000000000000000000000000000000000000000000000000000011111111111111111111111111111111111111111111100000000000000000000000000000000000000000000000000000000111111111111111111111101111111000000000000000000000000000000000000000000000000000000000000000000000000000000000000000000000000001101111000000100000000000000000000000000000000000000000000000
000000000000000000000000000000000000000000000000000000000000000000000001111111111111111111111111111111111111111111000000000000000000000000000000000000000000000000000000001111111111111111111111111111111000000001100000000000000000000000000000000000000000000000000000000000000000000000000000000000000001111111100000110000000000000000000000000000000000000000000000
000000000000000000000000000000000000000000000000000000000000000000000001111111111111111111111111111111111111111110000000000000000000000000000000000000000000000000000000001111111111111111111111111111111000000001100000000000000000000000000000000000000000000000000000000000000000000000000000000000000011111111000001110000000000000000000000000000000000000000000000
000000000000000000000000000000000000000000000000000000000000000000000000111111111111111111111111111111111111111110000000000000000000000000000000000000000000000000000000011111111111111111111111111111111000000011110000000000000000000000000000000000000000000000000000000000000000000000000000000000110011111110000001111000000000000000000000000000000000000000000000
000000000000000000000000000000000000000000000000000000000000000000000000011111111111111111111111111111111111111110000000000000000000000000000000000000000000000000000000011111111111111111111111111111111000000111110000000000000000000000000000000000000000000000000000000000000000000000000000000001111111111110000001111100000000000000000000001100000000000000000000
000000000000000000000000000000000000000000000000000000000000000000000000001111111111111111111111111111111111111110000000000000000000000000000000000000000000000000000000011111111111111111111111111111110000001111100000000000000000000000000000000000000000000000000000000000000000000000000000000011111111111111000001111100000000000000000000001100000000000000000000
000000000000000000000000000000000000000000000000000000000000000000000000000111111111111111111111111111111111111110000000000000000000000000000000000000000000000000000000011111111111111111111111111111100000111111100000000000000000000000000000000000000000000000000000000000000000000000000000001111111111111111100001111100000000000000000000000100000000000010000000
000000000000000000000000000000000000000000000000000000000000000000000000000001111111111111111111111111111111111110000000000000000000000000000000000000000000000000000000011111111111111111111111111111000000111111000000000000000000000000000000000000000000000000000000000000000000000000000000011111111111111111111011111100000000000000000000000000000000001000000000
000000000000000000000000000000000000000000000000000000000000000000000000000000111111111111111111111111111111111110000000000000000000000000000000000000000000000000000000011111111111111111111111111100000001111111000000000000000000000000000000000000000000000000000000000000000000000000000000011111111111111111111111111100000000000000000000000000000000001100000000
000000000000000000000000000000000000000000000000000000000000000000000000000000011111111111111111111111111111111100000000000000000000000000000000000000000000000000000000011111111111111111111111111000000000111111000000000000000000000000000000000000000000000000000000000000000000000000000000111111111111111111111111111100000000000000000000000010000000000000000000
000000000000000000000000000000000000000000000000000000000000000000000000000000011111111111111111111111111111111110000000000000000000000000000000000000000000000000000000001111111111111111111111110000000000111110000000000000000000000000000000000000000000000000000000000000000000000000000011111111111111111111111111111110000000000000000000000000000000000000000000
000000000000000000000000000000000000000000000000000000000000000000000000000000011111111111111111111111111111111100000000000000000000000000000000000000000000000000000000001111111111111111111111110000000000111110000000000000000000000000000000000000000000000000000000000000000000000000001111111111111111111111111111111111000000000000000011000000000000000000000000
000000000000000000000000000000000000000000000000000000000000000000000000000000001111111111111111111111111111111100000000000000000000000000000000000000000000000000000000000111111111111111111111110000000001111100000000000000000000000000000000000000000000000000000000000000000000000001111111111111111111111111111111111111000000000000000001001000000000000000000000
000000000000000000000000000000000000000000000000000000000000000000000000000000001111111111111111111111111111111000000000000000000000000000000000000000000000000000000000000111111111111111111111110000000011111100000000000000000000000000000000000000000000000000000000000000000000000111111111111111111111111111111111111111100000000000000000100000000000000000000000
000000000000000000000000000000000000000000000000000000000000000000000000000000001111111111111111111111111111110000000000000000000000000000000000000000000000000000000000000111111111111111111111111000000001111100000000000000000000000000000000000000000000000000000000000000000000000111111111111111111111111111111111111111100000000000000000000000000000000000000000
000000000000000000000000000000000000000000000000000000000000000000000000000000001111111111111111111111111110000000000000000000000000000000000000000000000000000000000000000111111111111111111111111000000001111100000000000000000000000000000000000000000000000000000000000000000000000111111111111111111111111111111111111111110000000000000000000000000000000000000000
000000000000000000000000000000000000000000000000000000000000000000000000000000001111111111111111111111111000000000000000000000000000000000000000000000000000000000000000000011111111111111111111110000000001111000000000000000000000000000000000000000000000000000000000000000000000001111111111111111111111111111111111111111110000000000000000000000000000000000000000
000000000000000000000000000000000000000000000000000000000000000000000000000000001111111111111111111111110000000000000000000000000000000000000000000000000000000000000000000011111111111111111111100000000001111000000000000000000000000000000000000000000000000000000000000000000000001111111111111111111111111111111111111111111000000000000000000000000000000000000000
000000000000000000000000000000000000000000000000000000000000000000000000000000001111111111111111111111110000000000000000000000000000000000000000000000000000000000000000000011111111111111111111000000000000000000000000000000000000000000000000000000000000000000000000000000000000000111111111111111111111111111111111111111111000000000000000000000000000000000000000
000000000000000000000000000000000000000000000000000000000000000000000000000000001111111111111111111111110000000000000000000000000000000000000000000000000000000000000000000011111111111111111111000000000000000000000000000000000000000000000000000000000000000000000000000000000000001111111111111111111111111111111111111111111000000000000000000000000000000000000000
000000000000000000000000000000000000000000000000000000000000000000000000000000011111111111111111111111110000000000000000000000000000000000000000000000000000000000000000000011111111111111111110000000000000000000000000000000000000000000000000000000000000000000000000000000000000001111111111111111111111111111111111111111111000000000000000000000000000000000000000
000000000000000000000000000000000000000000000000000000000000000000000000000000001111111111111111111111110000000000000000000000000000000000000000000000000000000000000000000001111111111111111110000000000000000000000000000000000000000000000000000000000000000000000000000000000000001111111111111111111111111111111111111111111000000000000000000000000000000000000000
000000000000000000000000000000000000000000000000000000000000000000000000000000001111111111111111111111100000000000000000000000000000000000000000000000000000000000000000000000111111111111111100000000000000000000000000000000000000000000000000000000000000000000000000000000000000001111111111111111111111111111111111111111110000000000000000000000000000000000000000
000000000000000000000000000000000000000000000000000000000000000000000000000000001111111111111111111111100000000000000000000000000000000000000000000000000000000000000000000000111111111111111000000000000000000000000000000000000000000000000000000000000000000000000000000000000000001111111111111111111111111111111111111111100000000000000000000000000000000000000000
000000000000000000000000000000000000000000000000000000000000000000000000000000011111111111111111111111000000000000000000000000000000000000000000000000000000000000000000000000011111111111111000000000000000000000000000000000000000000000000000000000000000000000000000000000000000001111111111111111111111111111111111111111100000000000000000000000000000000000000000
000000000000000000000000000000000000000000000000000000000000000000000000000000001111111111111111111110000000000000000000000000000000000000000000000000000000000000000000000000011111111111110000000000000000000000000000000000000000000000000000000000000000000000000000000000000000001111111111111111111111111111111111111111000000000000000000000000000000000000000000
000000000000000000000000000000000000000000000000000000000000000000000000000000001111111111111111111110000000000000000000000000000000000000000000000000000000000000000000000000011111111111100000000000000000000000000000000000000000000000000000000000000000000000000000000000000000001111111111111100000111111111111111111110000000000000000000000000000000000000000000
000000000000000000000000000000000000000000000000000000000000000000000000000000001111111111111111111110000000000000000000000000000000000000000000000000000000000000000000000000011111111111000000000000000000000000000000000000000000000000000000000000000000000000000000000000000000011111111110000000000011111111111111111100000000000000000000000000000000000000000000
000000000000000000000000000000000000000000000000000000000000000000000000000000001111111111111111111100000000000000000000000000000000000000000000000000000000000000000000000000001111111000000000000000000000000000000000000000000000000000000000000000000000000000000000000000000000011111100100000000000011011111111111111000000000000000000000000000000000000000000000
000000000000000000000000000000000000000000000000000000000000000000000000000000001111111111111111011100000000000000000000000000000000000000000000000000000000000000000000000000001100000000000000000000000000000000000000000000000000000000000000000000000000000000000000000000000000001110000000000000000010111111111111110000000000000000000000010000000000000000000000
000000000000000000000000000000000000000000000000000000000000000000000000000000001111111111111111100000000000000000000000000000000000000000000000000000000000000000000000000000000000000000000000000000000000000000000000000000000000000000000000000000000000000000000000000000000000000000000000000000000001011111111111100000000000000000000000011000000000000000000000
000000000000000000000000000000000000000000000000000000000000000000000000000000001111111111111111100000000000000000000000000000000000000000000000000000000000000000000000000000000000000000000000000000000000000000000000000000000000000000000000000000000000000000000000000000000000000000000000000000000000001111111111100000000000000000000000010000000000000000000000
000000000000000000000000000000000000000000000000000000000000000000000000000000001111111111111111110000000000000000000000000000000000000000000000000000000000000000000000000000000000000000000000000000000000000000000000000000000000000000000000000000000000000000000000000000000000000000000000000000000000011111111111000000000000000000000000011000000000000000000000
000000000000000000000000000000000000000000000000000000000000000000000000000000001111111111111111100000000000000000000000000000000000000000000000000000000000000000000000000000000000000000000000000000000000000000000000000000000000000000000000000000000000000000000000000000000000000000000000000000000000011111111110000000000000000000000000111110000000000000000000
000000000000000000000000000000000000000000000000000000000000000000000000000000000111111111111110000000000000000000000000000000000000000000000000000000000000000000000000000000000000000000000000000000000000000000000000000000000000000000000000000000000000000000000000000000000000000000000000000000000000000010110000000000000000000000000001111100000000000000000000
000000000000000000000000000000000000000000000000000000000000000000000000000000000111111111111000000000000000000000000000000000000000000000000000000000000000000000000000000000000000000000000000000000000000000000000000000000000000000000000000000000000000000000000000000000000000000000000000000000000000000000000000000000000000000000000001110000000000000000000000
000000000000000000000000000000000000000000000000000000000000000000000000000000000111111111111000000000000000000000000000000000000000000000000000000000000000000000000000000000000000000000000000000000000000000000000000000000000000000000000000000000000000000000000000000000000000000000000000000000000000000100010000000000000000000000001001100000000000000000000000
000000000000000000000000000000000000000000000000000000000000000000000000000000000111111111111000000000000000000000000000000000000000000000000000000000000000000000000000000000000000000000000000000000000000000000000000000000000000000000000000000000000000000000000000000000000000000000000000000000000000000111100000000000000000000000011111000000000000000000000000
000000000000000000000000000000000000000000000000000000000000000000000000000000000011111111100000000000000000000000000000000000000000000000000000000000000000000000000000000000000000000000000000000000000000000000000000000000000000000000000000000000000000000000000000000000000000000000000000000000000000000111100000000000000000000000111000000000000000000000000000
000000000000000000000000000000000000000000000000000000000000000000000000000000000011111111111000000000000000000000000000000000000000000000000000000000000000000000000000000000000000000000000000000000000000000000000000000000000000000000000000000000000000000000000000000000000000000000000000000000000000000111000000000000000000000011100000000000000000000000000000
000000000000000000000000000000000000000000000000000000000000000000000000000000000001111111110000000000000000000000000000000000000000000000000000000000000000000000000000000000000000000000000000000000000000000000000000000000000000000000000000000000000000000000000000000000000000000000000000000000000000000110000000000000000000001111000000000000000000000000000000
000000000000000000000000000000000000000000000000000000000000000000000000000000000001111111110000000000000000000000000000000000000000000000000000000000000000000000000000000000000000000000000000000000000000000000000000000000000000000000000000000000000000000000000000000000000000000000000000000000000000000000000000000000000000111100000000000000000000000000000000
000000000000000000000000000000000000000000000000000000000000000000000000000000000000111111100000000000000000000000000000000000000000000000000000000000000000000000000000000000000000000000000000000000000000000000000000000000000000000000000000000000000000000000000000000000000000000000000000000000000000000000000000000000000011111000000000000000000000000000000000
000000000000000000000000000000000000000000000000000000000000000000000000000000000001111111000000000000000000000000000000000000000000000000000000000000000000000000000000000000000000000000000000000000000000000000000000000000000000000000000000000000000000000000000000000000000000000000000000000000000000000000000000000000000011110000000000000000000000000000000000
000000000000000000000000000000000000000000000000000000000000000000000000000000000001111111110000000000000000000000000000000000000000000000000000000000000000000000000000000000000000000000000000000000000000000000000000000000000000000000000000000000000000000000000000000000000000000000000000000000000000000000000000000000000111000000000000000000000000000000000000
000000000000000000000000000000000000000000000000000000000000000000000000000000000000111111111000000000000000000000000000000000000000000000000000000000000000000000000000000000000000000000000000000000000000000000000000000000000000000000000000000000000000000000000000000000000000000000000000000000000000000000000000000000000000000000000000000000000000000000000000
000000000000000000000000000000000000000000000000000000000000000000000000000000000001111111110000000000000000000000000000000000000000000000000000000000000000000000000000000000000000000000000000000000000000000000000000000000000000000000000000000000000000000000000000000000000000000000000000000000000000000000000000000000000000000000000000000000000000000000000000
000000000000000000000000000000000000000000000000000000000000000000000000000000000000111111110000000000000000000000000000000000000000000000000000000000000000000000000000000000000000000000000000000000000000000000000000000000000000000000000000000000000000000000000000000000000000000000000000000000000000000000000000000000000000000000000000000000000000000000000000
000000000000000000000000000000000000000000000000000000000000000000000000000000000000011111110000000000000000000000000000000000000000000000000000000000000000000000000000000000000000000000000000000000000000000000000000000000000000000000000000000000000000000000000000000000000000000000000000000000000000000000000000000000000000000000000000000000000000000000000000
000000000000000000000000000000000000000000000000000000000000000000000000000000000000001111100000000000000000000000000000000000000000000000000000000000000000000000000000000000000000000000000000000000000000000000000000000000000000000000000000000000000000000000000000000000000000000000000000000000000000000000000000000000000000000000000000000000000000000000000000
000000000000000000000000000000000000000000000000000000000000000000000000000000000000000111110000000000000000000000000000000000000000000000000000000000000000000000000000000000000000000000000000000000000000000000000000000000000000000000000000000000000000000000000000000000000000000000000000000000000000000000000000000000000000000000000000000000000000000000000000
000000000000000000000000000000000000000000000000000000000000000000000000000000000000000011111000000000000000000000000000000000000000000000000000000000000000000000000000000000000000000000000000000000000000000000000000000000000000000000000000000000000000000000000000000000000000000000000000000000000000000000000000000000000000000000000000000000000000000000000000
000000000000000000000000000000000000000000000000000000000000000000000000000000000000000011111100000000000000000000000000000000000000000000000000000000000000000000000000000000000000000000000000000000000000000000000000000000000000000000000000000000000000000000000000000000000000000000000000000000000000000000000000000000000000000000000000000000000000000000000000
000000000000000000000000000000000000000000000000000000000000000000000000000000000000000001111111000000000000000000000000000000000000000000000000000000000000000000000000000000000000000000000000000000000000000000000000000000000000000000000000000000000000000000000000000000000000000000000000000000000000000000000000000000000000000000000000000000000000000000000000
000000000000000000000000000000000000000000000000000000000000000000000000000000000000000000001111000000000000000000000000000000000000000000000000000000000000000000000000000000000000000000000000000000000000000000000000000000000000000000000000000000000000000000000000000000000000000000000000000000000000000000000000000000000000000000000000000000000000000000000000
000000000000000000000000000000000000000000000000000000000000000000000000000000000000000000000000000000000000000000000000000000000000000000000000000000000000000000000000000000000000000000000000000000000000000000000000000000000000000000000000000000000000000000000000000000000000000000000000000000000000000000000000000000000000000000000000000000000000000000000000
000000000000000000000000000000000000000000000000000000000000000000000000000000000000000000000000000000000000000000000000000000000000000000000000000000000000000000000000000000000000000000000000000000000000000000000000000000000000000000000000000000000000000000000000000000000000000000000000000000000000000000000000000000000000000000000000000000000000000000000000
000000000000000000000000000000000000000000000000000000000000000000000000000000000000000000000000000000000000000000000000000000000000000000000000000000000000000000000000000000000000000000000000000000000000000000000000000000000000000000000000000000000000000000000000000000000000000000000000000000000000000000000000000000000000000000000000000000000000000000000000
000000000000000000000000000000000000000000000000000000000000000000000000000000000000000000000000000000000000000000000000000000000000000000000000000000000000000000000000000000000000000000000000000000000000000000000000000000000000000000000000000000000000000000000000000000000000000000000000000000000000000000000000000000000000000000000000000000000000000000000000
000000000000000000000000000000000000000000000000000000000000000000000000000000000000000000000000000000000000000000000000000000000000000000000000000000000000000000000000000000000000000000000000000000000000000000000000000000000000000000000000000000000000000000000000000000000000000000000000000000000000000000000000000000000000000000000000000000000000000000000000
000000000000000000000000000000000000000000000000000000000000000000000000000000000000000000000000000000000000000000000000000000000000000000000000000000000000000000000000000000000000000000000000000000000000000000000000000000000000000000000000000000000000000000000000000000000000000000000000000000000000000000000000000000000000000000000000000000000000000000000000
111111111111111111111111111111111111111111111111111111111111111111111111111111111111111111111111111111111111111111111111111111111111111111111111111111111111111111111111111111111111111111111111111111111111111111111111111111111111111111111111111111111111111111111111111111111111111111111111111111111111111111111111111111111111111111111111111111111111111111111111